======================================================
File Name: ../../NEH/tests/t_j50_m10.txt

Num of jobs: 50
Num of machines: 50
Dataset: 1
Best_seq_all: 
3757 20 34 49 10 1 48 32 42 44 33 18 37 7 19 17 26 36 21 12 6 43 28 35 47 31 29 4 30 38 2 46 11 14 8 23 3 25 15 45 13 5 9 40 22 16 50 41 24 27 39 

Num of jobs: 50
Num of machines: 50
Dataset: 2
Best_seq_all: 
3689 42 28 50 31 35 11 7 17 5 30 10 38 14 25 44 22 46 23 3 24 48 49 33 6 37 20 18 29 19 2 45 9 26 32 13 12 47 39 40 34 21 8 4 36 16 15 43 41 27 1 

Num of jobs: 50
Num of machines: 50
Dataset: 3
Best_seq_all: 
3658 24 4 28 12 14 18 1 3 30 8 26 49 15 37 16 27 36 5 17 31 39 23 2 19 9 45 46 25 7 35 34 22 33 43 48 40 11 50 10 6 38 42 20 41 29 13 47 32 44 21 

Num of jobs: 50
Num of machines: 50
Dataset: 4
Best_seq_all: 
3658 24 4 28 12 14 18 1 3 30 8 26 49 15 37 16 27 36 5 17 31 39 23 2 19 9 45 46 25 7 35 34 22 33 43 48 40 11 50 10 6 38 42 20 41 29 13 47 32 44 21 

Num of jobs: 50
Num of machines: 50
Dataset: 5
Best_seq_all: 
3658 24 4 28 12 14 18 1 3 30 8 26 49 15 37 16 27 36 5 17 31 39 23 2 19 9 45 46 25 7 35 34 22 33 43 48 40 11 50 10 6 38 42 20 41 29 13 47 32 44 21 

Num of jobs: 50
Num of machines: 50
Dataset: 6
Best_seq_all: 
3658 24 4 28 12 14 18 1 3 30 8 26 49 15 37 16 27 36 5 17 31 39 23 2 19 9 45 46 25 7 35 34 22 33 43 48 40 11 50 10 6 38 42 20 41 29 13 47 32 44 21 

Num of jobs: 50
Num of machines: 50
Dataset: 7
Best_seq_all: 
3658 24 4 28 12 14 18 1 3 30 8 26 49 15 37 16 27 36 5 17 31 39 23 2 19 9 45 46 25 7 35 34 22 33 43 48 40 11 50 10 6 38 42 20 41 29 13 47 32 44 21 

Num of jobs: 50
Num of machines: 50
Dataset: 8
Best_seq_all: 
3658 24 4 28 12 14 18 1 3 30 8 26 49 15 37 16 27 36 5 17 31 39 23 2 19 9 45 46 25 7 35 34 22 33 43 48 40 11 50 10 6 38 42 20 41 29 13 47 32 44 21 

Num of jobs: 50
Num of machines: 50
Dataset: 9
Best_seq_all: 
3658 24 4 28 12 14 18 1 3 30 8 26 49 15 37 16 27 36 5 17 31 39 23 2 19 9 45 46 25 7 35 34 22 33 43 48 40 11 50 10 6 38 42 20 41 29 13 47 32 44 21 

Num of jobs: 50
Num of machines: 50
Dataset: 10
Best_seq_all: 
3658 24 4 28 12 14 18 1 3 30 8 26 49 15 37 16 27 36 5 17 31 39 23 2 19 9 45 46 25 7 35 34 22 33 43 48 40 11 50 10 6 38 42 20 41 29 13 47 32 44 21 

======================================================
